Weights: 0.02638518204922373,0.02298176404030624,0.024034825597816466,0.024289043576076152
Bias: -4.894930414628542
