Weights: 0.024892875697733793,0.02296870068086003,0.024793602045975024,0.024959922786682482
Bias: -4.886393472457494
