Weights: 0.03172144428750574,0.031743842892270925,0.031746982360441066,0.03254171914590351,0.028011703944107635
Bias: -7.78547473330613
